x <- 2
<<<<<<< HEAD
y <- 6
=======
y <- 1
>>>>>>> ecf9d381b84656db7f08c480d5989145a5d79b7f
